[20573.280800] [Project1] 10969 1588163465.394043192 1588163466.031375484
[20574.591624] [Project1] 10977 1588163466.697979821 1588163467.342223160
[20575.860329] [Project1] 10979 1588163467.981960692 1588163468.610942604
[20577.143141] [Project1] 10980 1588163469.261959768 1588163469.893779032
[20578.409802] [Project1] 10981 1588163470.533959956 1588163471.160457757
[20579.695170] [Project1] 10982 1588163471.809959841 1588163472.445838039
[20580.965514] [Project1] 10983 1588163473.089962091 1588163473.716201895
[20582.247572] [Project1] 10984 1588163474.369974629 1588163474.998280475
[20583.514875] [Project1] 10985 1588163475.637960786 1588163476.265602992
[20584.791607] [Project1] 10986 1588163476.913959788 1588163477.542351672
